6.70 5.55 6.86 6.29
6.27 5.69 6.66 6.97
6.27 5.69 6.66 6.97
5.81 4.59 7.00 6.46
6.08 5.44 6.35 6.66
5.85 5.69 6.60 6.25
5.52 5.71 4.19 5.61
5.77 5.90 6.62 5.63
5.77 5.90 6.62 5.63
5.44 5.96 6.85 5.11
5.12 6.54 6.43 5.93
5.12 6.54 6.43 5.93
4.28 5.50 6.15 7.62
4.93 7.25 5.91 6.12
4.93 7.25 5.91 6.12
4.67 6.96 5.16 6.63
6.27 5.69 6.66 6.97
6.27 5.69 6.66 6.97
6.27 5.69 6.66 6.97
6.23 5.66 6.48 6.58
6.08 5.44 6.35 6.66
5.85 5.69 6.60 6.25
5.85 5.69 6.60 6.25
5.77 5.90 6.62 5.63
5.77 5.90 6.62 5.63
5.46 6.23 6.33 5.89
5.12 6.54 6.43 5.93
5.12 6.54 6.43 5.93
5.09 6.90 6.31 5.90
4.93 7.25 5.91 6.12
4.93 7.25 5.91 6.12
4.93 7.25 5.91 6.12
7.32 6.35 6.93 5.55
6.27 5.69 6.66 6.97
6.27 5.69 6.66 6.97
6.43 5.42 6.45 7.89
6.08 5.44 6.35 6.66
5.85 5.69 6.60 6.25
6.59 6.04 8.08 5.53
5.77 5.90 6.62 5.63
5.77 5.90 6.62 5.63
5.14 7.21 8.88 5.45
5.12 6.54 6.43 5.93
5.12 6.54 6.43 5.93
5.46 8.34 5.87 5.90
4.93 7.25 5.91 6.12
4.93 7.25 5.91 6.12
5.64 7.00 6.62 4.31
6.15 5.83 6.75 7.08
6.15 5.83 6.75 7.08
6.15 5.83 6.75 7.08
6.14 5.89 6.68 6.75
6.13 5.74 6.64 6.77
5.91 6.02 6.80 6.32
5.91 6.02 6.80 6.32
5.80 6.31 6.83 5.75
5.80 6.31 6.83 5.75
5.55 6.53 6.69 5.92
5.26 6.78 6.77 5.85
5.26 6.78 6.77 5.85
5.10 7.03 6.55 5.71
4.92 7.25 6.26 5.84
4.92 7.25 6.26 5.84
4.92 7.25 6.26 5.84
5.53 6.40 6.43 7.44
6.11 6.08 6.70 7.32
6.11 6.08 6.70 7.32
5.82 5.84 6.29 8.18
6.28 5.93 6.98 7.01
6.01 6.22 7.07 6.52
6.31 5.06 6.11 6.27
5.91 6.47 7.26 5.88
5.91 6.47 7.26 5.88
5.63 5.41 5.58 5.79
5.39 7.13 6.86 5.68
5.39 7.13 6.86 5.68
4.75 6.85 5.24 5.70
5.07 7.59 6.45 5.42
5.07 7.59 6.45 5.42
4.79 8.83 6.40 6.58
6.11 6.08 6.70 7.32
6.11 6.08 6.70 7.32
6.11 6.08 6.70 7.32
6.19 6.10 6.90 6.96
6.28 5.93 6.98 7.01
6.01 6.22 7.07 6.52
6.01 6.22 7.07 6.52
5.91 6.47 7.26 5.88
5.91 6.47 7.26 5.88
5.71 6.80 7.01 5.86
5.39 7.13 6.86 5.68
5.39 7.13 6.86 5.68
5.20 7.33 6.72 5.46
5.07 7.59 6.45 5.42
5.07 7.59 6.45 5.42
5.07 7.59 6.45 5.42
5.16 6.53 6.80 7.56
5.72 6.17 6.70 7.62
5.72 6.17 6.70 7.62
6.38 5.93 7.29 7.30
6.17 6.03 6.84 7.16
5.99 6.22 6.70 6.63
6.15 7.31 7.70 6.88
5.93 6.39 6.66 6.08
5.93 6.39 6.66 6.08
5.64 7.77 7.24 5.37
5.43 6.81 6.60 5.68
5.43 6.81 6.60 5.68
5.71 7.21 8.34 5.86
4.83 7.55 6.56 5.58
4.83 7.55 6.56 5.58
4.07 7.32 6.25 4.16
